4.970717423133235570e+03
4.964860907759883048e+03
4.959004392386529616e+03
4.953147877013177094e+03
4.947291361639824572e+03
4.941434846266471141e+03
4.935578330893118618e+03
4.929721815519766096e+03
4.923865300146412665e+03
4.918008784773060142e+03
4.912152269399706711e+03
4.906295754026354189e+03
4.900439238653001667e+03
4.894582723279648235e+03
4.888726207906295713e+03
4.882869692532943191e+03
4.877013177159589759e+03
4.871156661786237237e+03
4.865300146412884715e+03
4.859443631039531283e+03
4.853587115666178761e+03
4.847730600292825329e+03
4.841874084919472807e+03
4.836017569546120285e+03
4.830161054172766853e+03
4.824304538799414331e+03
4.818448023426061809e+03
4.812591508052708377e+03
4.806734992679355855e+03
4.800878477306003333e+03
4.795021961932649901e+03
4.789165446559297379e+03
4.783308931185943948e+03
4.777452415812591425e+03
4.771595900439238903e+03
4.765739385065885472e+03
4.759882869692532950e+03
4.754026354319180427e+03
4.748169838945826996e+03
4.742313323572474474e+03
4.736456808199121951e+03
4.730600292825768520e+03
4.724743777452415998e+03
4.718887262079062566e+03
4.713030746705710044e+03
4.707174231332357522e+03
4.701317715959004090e+03
4.695461200585651568e+03
4.689604685212299046e+03
4.683748169838945614e+03
4.677891654465593092e+03
4.672035139092240570e+03
4.666178623718887138e+03
4.660322108345534616e+03
4.654465592972181184e+03
4.648609077598828662e+03
4.642752562225476140e+03
4.636896046852122709e+03
4.631039531478770186e+03
4.625183016105417664e+03
4.619326500732064233e+03
4.613469985358711710e+03
4.607613469985358279e+03
4.601756954612005757e+03
4.595900439238653234e+03
4.590043923865299803e+03
4.584187408491947281e+03
4.578330893118594759e+03
4.572474377745241327e+03
4.566617862371888805e+03
4.560761346998536283e+03
4.554904831625182851e+03
4.549048316251830329e+03
4.543191800878476897e+03
4.537335285505124375e+03
4.531478770131771853e+03
4.525622254758418421e+03
4.519765739385065899e+03
4.513909224011713377e+03
4.508052708638359945e+03
4.502196193265007423e+03
4.496339677891653992e+03
4.490483162518301469e+03
4.484626647144948947e+03
4.478770131771595516e+03
4.472913616398242993e+03
4.467057101024890471e+03
4.461200585651537040e+03
4.455344070278184518e+03
4.449487554904831995e+03
4.443631039531478564e+03
4.437774524158126042e+03
4.431918008784772610e+03
4.426061493411420088e+03
4.420204978038067566e+03
4.414348462664714134e+03
4.408491947291361612e+03
4.402635431918009090e+03
4.396778916544655658e+03
4.390922401171303136e+03
4.385065885797950614e+03
4.379209370424597182e+03
4.373352855051244660e+03
4.367496339677891228e+03
4.361639824304538706e+03
4.355783308931186184e+03
4.349926793557832752e+03
4.344070278184480230e+03
4.338213762811127708e+03
4.332357247437774276e+03
4.326500732064421754e+03
4.320644216691069232e+03
4.314787701317715801e+03
4.308931185944363278e+03
4.303074670571009847e+03
4.297218155197657325e+03
4.291361639824304802e+03
4.285505124450951371e+03
4.279648609077598849e+03
4.273792093704246327e+03
4.267935578330892895e+03
4.262079062957540373e+03
4.256222547584187851e+03
4.250366032210834419e+03
4.244509516837481897e+03
4.238653001464128465e+03
4.232796486090775943e+03
4.226939970717423421e+03
4.221083455344069989e+03
4.215226939970717467e+03
4.209370424597364035e+03
4.203513909224011513e+03
4.197657393850658991e+03
4.191800878477306469e+03
4.185944363103953037e+03
4.180087847730600515e+03
4.174231332357247084e+03
4.168374816983894561e+03
4.162518301610542039e+03
4.156661786237188608e+03
4.150805270863836085e+03
4.144948755490482654e+03
4.139092240117130132e+03
4.133235724743777610e+03
4.127379209370424178e+03
4.121522693997071656e+03
4.115666178623719134e+03
4.109809663250365702e+03
4.103953147877013180e+03
4.098096632503660658e+03
4.092240117130307226e+03
4.086383601756954704e+03
4.080527086383601727e+03
4.074670571010248750e+03
4.068814055636896228e+03
4.062957540263543251e+03
4.057101024890190274e+03
4.051244509516837297e+03
4.045387994143484320e+03
4.039531478770131798e+03
4.033674963396778821e+03
4.027818448023425844e+03
4.021961932650073322e+03
4.016105417276720345e+03
4.010248901903367369e+03
4.004392386530014846e+03
3.998535871156661869e+03
3.992679355783308893e+03
3.986822840409955916e+03
3.980966325036602939e+03
3.975109809663250417e+03
3.969253294289897440e+03
3.963396778916544463e+03
3.957540263543191941e+03
3.951683748169838964e+03
3.945827232796485987e+03
3.939970717423133465e+03
3.934114202049780033e+03
3.928257686676427511e+03
3.922401171303074534e+03
3.916544655929721557e+03
3.910688140556369035e+03
3.904831625183016058e+03
3.898975109809663081e+03
3.893118594436310559e+03
3.887262079062957582e+03
3.881405563689604605e+03
3.875549048316252083e+03
3.869692532942898652e+03
3.863836017569546129e+03
3.857979502196193152e+03
3.852122986822840176e+03
3.846266471449487653e+03
3.840409956076134677e+03
3.834553440702781700e+03
3.828696925329429178e+03
3.822840409956076201e+03
3.816983894582723224e+03
3.811127379209370702e+03
3.805270863836017270e+03
3.799414348462664748e+03
3.793557833089311771e+03
3.787701317715958794e+03
3.781844802342606272e+03
3.775988286969253295e+03
3.770131771595900318e+03
3.764275256222547796e+03
3.758418740849194364e+03
3.752562225475841842e+03
3.746705710102489320e+03
3.740849194729135888e+03
3.734992679355783366e+03
3.729136163982430389e+03
3.723279648609077412e+03
3.717423133235724890e+03
3.711566617862371913e+03
3.705710102489018936e+03
3.699853587115666414e+03
3.693997071742312983e+03
3.688140556368960461e+03
3.682284040995607484e+03
3.676427525622254507e+03
3.670571010248901985e+03
3.664714494875549008e+03
3.658857979502196031e+03
3.653001464128843509e+03
3.647144948755490532e+03
3.641288433382137555e+03
3.635431918008785033e+03
3.629575402635431601e+03
3.623718887262079079e+03
3.617862371888726102e+03
3.612005856515373125e+03
3.606149341142020603e+03
3.600292825768667626e+03
3.594436310395314649e+03
3.588579795021962127e+03
3.582723279648609150e+03
3.576866764275256173e+03
3.571010248901903651e+03
3.565153733528550219e+03
3.559297218155197697e+03
3.553440702781844720e+03
3.547584187408491744e+03
3.541727672035139221e+03
3.535871156661786245e+03
3.530014641288433268e+03
3.524158125915080745e+03
3.518301610541727314e+03
3.512445095168374792e+03
3.506588579795021815e+03
3.500732064421668838e+03
3.494875549048316316e+03
3.489019033674963339e+03
3.483162518301610362e+03
3.477306002928257840e+03
3.471449487554904863e+03
3.465592972181551886e+03
3.459736456808199364e+03
3.453879941434845932e+03
3.448023426061493410e+03
3.442166910688140433e+03
3.436310395314787456e+03
3.430453879941434934e+03
3.424597364568081957e+03
3.418740849194728980e+03
3.412884333821376458e+03
3.407027818448023481e+03
3.401171303074670504e+03
3.395314787701317982e+03
3.389458272327964551e+03
3.383601756954612028e+03
3.377745241581259052e+03
3.371888726207906075e+03
3.366032210834553553e+03
3.360175695461200576e+03
3.354319180087847599e+03
3.348462664714495077e+03
3.342606149341141645e+03
3.336749633967789123e+03
3.330893118594436601e+03
3.325036603221083169e+03
3.319180087847730647e+03
3.313323572474377670e+03
3.307467057101024693e+03
3.301610541727672171e+03
3.295754026354319194e+03
3.289897510980966217e+03
3.284040995607613695e+03
3.278184480234260263e+03
3.272327964860907741e+03
3.266471449487554764e+03
3.260614934114201787e+03
3.254758418740849265e+03
3.248901903367496288e+03
3.243045387994143312e+03
3.237188872620790789e+03
3.231332357247437812e+03
3.225475841874084836e+03
3.219619326500732313e+03
3.213762811127378882e+03
3.207906295754026360e+03
3.202049780380673383e+03
3.196193265007320406e+03
3.190336749633967884e+03
3.184480234260614907e+03
3.178623718887261930e+03
3.172767203513909408e+03
3.166910688140556431e+03
3.161054172767203454e+03
3.155197657393850932e+03
3.149341142020497500e+03
3.143484626647144978e+03
3.137628111273792001e+03
3.131771595900439024e+03
3.125915080527086502e+03
3.120058565153733525e+03
3.114202049780380548e+03
3.108345534407028026e+03
3.102489019033674595e+03
3.096632503660322072e+03
3.090775988286969095e+03
3.084919472913616119e+03
3.079062957540263596e+03
3.073206442166910620e+03
3.067349926793557643e+03
3.061493411420205121e+03
3.055636896046852144e+03
3.049780380673499167e+03
3.043923865300146645e+03
3.038067349926793213e+03
3.032210834553440691e+03
3.026354319180087714e+03
3.020497803806734737e+03
3.014641288433382215e+03
3.008784773060029238e+03
3.002928257686676261e+03
2.997071742313323739e+03
2.991215226939970762e+03
2.985358711566617785e+03
2.979502196193265263e+03
2.973645680819911831e+03
2.967789165446559309e+03
2.961932650073206332e+03
2.956076134699853355e+03
2.950219619326500833e+03
2.944363103953147856e+03
2.938506588579794879e+03
2.932650073206441903e+03
2.926793557833089380e+03
2.920937042459736404e+03
2.915080527086383427e+03
2.909224011713030905e+03
2.903367496339677928e+03
2.897510980966324951e+03
2.891654465592971974e+03
2.885797950219619452e+03
2.879941434846266475e+03
2.874084919472913498e+03
2.868228404099560521e+03
2.862371888726207999e+03
2.856515373352855022e+03
2.850658857979502045e+03
2.844802342606149068e+03
2.838945827232796546e+03
2.833089311859443569e+03
2.827232796486090592e+03
2.821376281112738070e+03
2.815519765739385093e+03
2.809663250366032116e+03
2.803806734992679139e+03
2.797950219619326617e+03
2.792093704245973640e+03
2.786237188872620663e+03
2.780380673499267687e+03
2.774524158125915164e+03
2.768667642752562188e+03
2.762811127379209211e+03
2.756954612005856234e+03
2.751098096632503712e+03
2.745241581259150735e+03
2.739385065885797758e+03
2.733528550512445236e+03
2.727672035139092259e+03
2.721815519765739282e+03
2.715959004392386305e+03
2.710102489019033783e+03
2.704245973645680806e+03
2.698389458272327829e+03
2.692532942898974852e+03
2.686676427525622330e+03
2.680819912152269353e+03
2.674963396778916376e+03
2.669106881405563399e+03
2.663250366032210877e+03
2.657393850658857900e+03
2.651537335285504923e+03
2.645680819912152401e+03
2.639824304538799424e+03
2.633967789165446447e+03
2.628111273792093471e+03
2.622254758418740948e+03
2.616398243045387972e+03
2.610541727672034995e+03
2.604685212298682018e+03
2.598828696925329496e+03
2.592972181551976519e+03
2.587115666178623542e+03
2.581259150805271020e+03
2.575402635431918043e+03
2.569546120058565066e+03
2.563689604685212089e+03
2.557833089311859567e+03
2.551976573938506590e+03
2.546120058565153613e+03
2.540263543191800636e+03
2.534407027818448114e+03
2.528550512445095137e+03
2.522693997071742160e+03
2.516837481698389183e+03
2.510980966325036661e+03
2.505124450951683684e+03
2.499267935578330707e+03
2.493411420204978185e+03
2.487554904831625208e+03
2.481698389458272231e+03
2.475841874084919255e+03
2.469985358711566732e+03
2.464128843338213755e+03
2.458272327964860779e+03
2.452415812591507802e+03
2.446559297218155280e+03
2.440702781844802303e+03
2.434846266471449326e+03
2.428989751098096349e+03
2.423133235724743827e+03
2.417276720351390850e+03
2.411420204978037873e+03
2.405563689604685351e+03
2.399707174231332374e+03
2.393850658857979397e+03
2.387994143484626420e+03
2.382137628111273898e+03
2.376281112737920921e+03
2.370424597364567944e+03
2.364568081991214967e+03
2.358711566617862445e+03
2.352855051244509468e+03
2.346998535871156491e+03
2.341142020497803514e+03
2.335285505124450992e+03
2.329428989751098015e+03
2.323572474377745039e+03
2.317715959004392516e+03
2.311859443631039539e+03
2.306002928257686563e+03
2.300146412884333586e+03
2.294289897510981064e+03
2.288433382137628087e+03
2.282576866764275110e+03
2.276720351390922133e+03
2.270863836017569611e+03
2.265007320644216634e+03
2.259150805270863657e+03
2.253294289897510680e+03
2.247437774524158158e+03
2.241581259150805181e+03
2.235724743777452204e+03
2.229868228404099682e+03
2.224011713030746705e+03
2.218155197657393728e+03
2.212298682284040751e+03
2.206442166910688229e+03
2.200585651537335252e+03
2.194729136163982275e+03
2.188872620790629298e+03
2.183016105417276776e+03
2.177159590043923799e+03
2.171303074670570822e+03
2.165446559297218300e+03
2.159590043923865323e+03
2.153733528550512347e+03
2.147877013177159370e+03
2.142020497803806848e+03
2.136163982430453871e+03
2.130307467057100894e+03
2.124450951683747917e+03
2.118594436310395395e+03
2.112737920937042418e+03
2.106881405563689441e+03
2.101024890190336464e+03
2.095168374816983942e+03
2.089311859443630965e+03
2.083455344070277988e+03
2.077598828696925466e+03
2.071742313323572489e+03
2.065885797950219512e+03
2.060029282576866535e+03
2.054172767203514013e+03
2.048316251830161036e+03
2.042459736456808059e+03
2.036603221083455082e+03
2.030746705710102560e+03
2.024890190336749583e+03
2.019033674963396606e+03
2.013177159590043630e+03
2.007320644216691107e+03
2.001464128843338131e+03
1.995607613469985154e+03
1.989751098096632631e+03
1.983894582723279655e+03
1.978038067349926678e+03
1.972181551976573701e+03
1.966325036603221179e+03
1.960468521229868202e+03
1.954612005856515225e+03
1.948755490483162248e+03
1.942898975109809726e+03
1.937042459736456749e+03
1.931185944363103772e+03
1.925329428989750795e+03
1.919472913616398273e+03
1.913616398243045296e+03
1.907759882869692319e+03
1.901903367496339797e+03
1.896046852122986820e+03
1.890190336749633843e+03
1.884333821376280866e+03
1.878477306002928344e+03
1.872620790629575367e+03
1.866764275256222390e+03
1.860907759882869414e+03
1.855051244509516891e+03
1.849194729136163915e+03
1.843338213762810938e+03
1.837481698389457961e+03
1.831625183016105439e+03
1.825768667642752462e+03
1.819912152269399485e+03
1.814055636896046963e+03
1.808199121522693986e+03
1.802342606149341009e+03
1.796486090775988032e+03
1.790629575402635510e+03
1.784773060029282533e+03
1.778916544655929556e+03
1.773060029282576579e+03
1.767203513909224057e+03
1.761346998535871080e+03
1.755490483162518103e+03
1.749633967789165581e+03
1.743777452415812604e+03
1.737920937042459627e+03
1.732064421669106650e+03
1.726207906295754128e+03
1.720351390922401151e+03
1.714494875549048174e+03
1.708638360175695198e+03
1.702781844802342675e+03
1.696925329428989698e+03
1.691068814055636722e+03
1.685212298682283745e+03
1.679355783308931223e+03
1.673499267935578246e+03
1.667642752562225269e+03
1.661786237188872747e+03
1.655929721815519770e+03
1.650073206442166793e+03
1.644216691068813816e+03
1.638360175695461294e+03
1.632503660322108317e+03
1.626647144948755340e+03
1.620790629575402363e+03
1.614934114202049841e+03
1.609077598828696864e+03
1.603221083455343887e+03
1.597364568081990910e+03
1.591508052708638388e+03
1.585651537335285411e+03
1.579795021961932434e+03
1.573938506588579912e+03
1.568081991215226935e+03
1.562225475841873958e+03
1.556368960468520982e+03
1.550512445095168459e+03
1.544655929721815482e+03
1.538799414348462506e+03
1.532942898975109529e+03
1.527086383601757007e+03
1.521229868228404030e+03
1.515373352855051053e+03
1.509516837481698076e+03
1.503660322108345554e+03
1.497803806734992577e+03
1.491947291361639600e+03
1.486090775988287078e+03
1.480234260614934101e+03
1.474377745241581124e+03
1.468521229868228147e+03
1.462664714494875625e+03
1.456808199121522648e+03
1.450951683748169671e+03
1.445095168374816694e+03
1.439238653001464172e+03
1.433382137628111195e+03
1.427525622254758218e+03
1.421669106881405241e+03
1.415812591508052719e+03
1.409956076134699742e+03
1.404099560761346766e+03
1.398243045387994243e+03
1.392386530014641266e+03
1.386530014641288290e+03
1.380673499267935313e+03
1.374816983894582791e+03
1.368960468521229814e+03
1.363103953147876837e+03
1.357247437774523860e+03
1.351390922401171338e+03
1.345534407027818361e+03
1.339677891654465384e+03
1.333821376281112862e+03
1.327964860907759885e+03
1.322108345534406908e+03
1.316251830161053931e+03
1.310395314787701409e+03
1.304538799414348432e+03
1.298682284040995455e+03
1.292825768667642478e+03
1.286969253294289956e+03
1.281112737920936979e+03
1.275256222547584002e+03
1.269399707174231025e+03
1.263543191800878503e+03
1.257686676427525526e+03
1.251830161054172549e+03
1.245973645680820027e+03
1.240117130307467050e+03
1.234260614934114074e+03
1.228404099560761097e+03
1.222547584187408575e+03
1.216691068814055598e+03
1.210834553440702621e+03
1.204978038067349644e+03
1.199121522693997122e+03
1.193265007320644145e+03
1.187408491947291168e+03
1.181551976573938191e+03
1.175695461200585669e+03
1.169838945827232692e+03
1.163982430453879715e+03
1.158125915080527193e+03
1.152269399707174216e+03
1.146412884333821239e+03
1.140556368960468262e+03
1.134699853587115740e+03
1.128843338213762763e+03
1.122986822840409786e+03
1.117130307467056809e+03
1.111273792093704287e+03
1.105417276720351310e+03
1.099560761346998333e+03
1.093704245973645357e+03
1.087847730600292834e+03
1.081991215226939858e+03
1.076134699853586881e+03
1.070278184480234358e+03
1.064421669106881382e+03
1.058565153733528405e+03
1.052708638360175428e+03
1.046852122986822906e+03
1.040995607613469929e+03
1.035139092240116952e+03
1.029282576866763975e+03
1.023426061493411453e+03
1.017569546120058476e+03
1.011713030746705499e+03
1.005856515373352522e+03
1.000000000000000000e+03
9.941434846266470231e+02
9.882869692532940462e+02
9.824304538799415241e+02
9.765739385065885472e+02
9.707174231332355703e+02
9.648609077598825934e+02
9.590043923865300712e+02
9.531478770131770943e+02
9.472913616398241174e+02
9.414348462664711406e+02
9.355783308931186184e+02
9.297218155197656415e+02
9.238653001464126646e+02
9.180087847730601425e+02
9.121522693997071656e+02
9.062957540263541887e+02
9.004392386530016665e+02
8.945827232796482349e+02
8.887262079062957127e+02
8.828696925329431906e+02
8.770131771595897590e+02
8.711566617862372368e+02
8.653001464128838052e+02
8.594436310395312830e+02
8.535871156661787609e+02
8.477306002928253292e+02
8.418740849194728071e+02
8.360175695461202849e+02
8.301610541727668533e+02
8.243045387994143312e+02
8.184480234260618090e+02
8.125915080527083774e+02
8.067349926793558552e+02
8.008784773060024236e+02
7.950219619326499014e+02
7.891654465592973793e+02
7.833089311859439476e+02
7.774524158125914255e+02
7.715959004392389033e+02
7.657393850658854717e+02
7.598828696925329496e+02
7.540263543191795179e+02
7.481698389458269958e+02
7.423133235724744736e+02
7.364568081991210420e+02
7.306002928257685198e+02
7.247437774524159977e+02
7.188872620790625660e+02
7.130307467057100439e+02
7.071742313323575218e+02
7.013177159590040901e+02
6.954612005856515680e+02
6.896046852122981363e+02
6.837481698389456142e+02
6.778916544655930920e+02
6.720351390922396604e+02
6.661786237188871382e+02
6.603221083455346161e+02
6.544655929721811845e+02
6.486090775988286623e+02
6.427525622254761402e+02
6.368960468521227085e+02
6.310395314787701864e+02
6.251830161054167547e+02
6.193265007320642326e+02
6.134699853587117104e+02
6.076134699853582788e+02
6.017569546120057566e+02
5.959004392386532345e+02
5.900439238652998029e+02
5.841874084919472807e+02
5.783308931185947586e+02
5.724743777452413269e+02
5.666178623718888048e+02
5.0e+02